- OS: Windows-10-10.0.19045-SP0 10.0.19045
- Python: 3.12.5
- Stable-Baselines3: 2.3.2
- PyTorch: 2.4.1+cpu
- GPU Enabled: False
- Numpy: 2.0.2
- Cloudpickle: 3.0.0
- Gymnasium: 0.29.1
